1234567
2135476
2314567
3241657
3426175
4362157
4631275
6413725
6147352
1674532
6147523
6415732
4651372
4563127
5436217
5342671
3524761
3257416
2375146
2731564
7213546
7125364
1752346
1573264
5137624
5316742
3561472
3654127
6345217
6432571
4623751
6427315
6243751
2634571
2365417
3256471
3524617
5342167
5431276
4513726
5431762
5347126
3574216
3752461
7325641
7236514
2763154
2671345
6217435
6124753
1642735
1467253
4176235
4712653
7412653
7146235
1764325
1673452
6137542
6315724
3651274
6352147
6531274
5613724
5167342
1576324
1753642
7135462
7314526
3741256
7314265
7132456
1723546
1275364
2157634
2516743
5261473
5624137
6542317
6453271
4635217
4362571
3426517
3245671
2354761
2537416
5273146
5721364
7512634
7156243
1765423
7164532
7615423
6751243
6572134
5627143
5261734
2516374
2153647
1235467
2153476
2514367
5241637
5426173
4562713
4657231
6475321
6743512
7634152
7361425
3716452
3174625
1347652
1436725
4163275
4612357
6421537
6245173
2654713
2567431
5276341
2573614
2756341
7265431
7624513
6742531
6475213
4657123
4561732
5416372
4561327
4653172
6435712
6347521
3674251
3762415
7326145
7231654
2713564
2175346
1257364
1523746
5132764
5317246
3571426
3754162
7345612
7436521
4763251
4672315
6427135
4621753
4267135
2476315
2743651
7234615
7326451
3762541
3675214
6357124
3675142
3761524
7316254
7132645
1723465
1274356
2147536
2415763
4251673
4526137
5462173
5641237
6514273
6152437
1652437
1564273
5146723
5417632
4571362
4753126
7435216
4732561
4375216
3457126
3541762
5314726
5137462
1573642
1756324
7165234
1756243
1572634
5127364
5213746
2531476
2354167
3245617
3426571
4362751
4637215
6473251
6742315
7624351
7263415
2763415
2674351
6247531
6425713
4652173
4561237
5416327
4513672
4156327
1465237
1642573
6124537
6215473
2651743
2567134
5276314
2567341
2653714
6235174
6321547
3612457
3164275
1346725
1437652
4173562
4715326
7451362
7543126
5734162
5371426
3517246
3152764
1325674
1236547
2163457
2614375
6241735
2647153
2461735
4216375
4123657
1432675
1346257
3164527
3615472
6351742
3615724
3167542
1376452
1734625
7143265
7412356
4721536
4275163
2457613
2546731
5264713
5627431
6572413
6754231
7645321
7463512
4736152
4371625
3417265
3142756
1324576
3125467
3214576
2341756
2437165
4273156
4721365
7412635
7146253
1764523
7146532
7415623
4751263
4572136
5427316
5243761
2534671
2356417
3265147
3621574
6312547
6135274
1653247
1562374
5126734
5217643
2571463
2754136
7245316
7423561
4732651
7436215
7342651
3724561
3275416
2357461
2534716
5243176
5421367
4512637
5421673
5246137
2564317
2653471
6235741
6327514
3672154
3761245
7316425
7134652
1743625
1476352
4167325
4613752
6431572
6345127
3654217
3562471
5326741
5237614
2573164
5271346
5723164
7532614
7356241
3765214
3672541
6327451
6234715
2643175
6234157
6321475
3612745
3167254
1376524
1735642
7153462
7514326
5741236
5472163
4527136
4251763
2415736
2147563
1274653
1726435
7162345
7613254
6731524
6375142
3657412
6354721
6537412
5673142
5761324
7516342
7153624
1735264
1372546
3127456
1372465
1734256
7143526
7415362
4751632
4576123
5467213
5642731
6524371
6253417
2635471
2364517
3246571
3425617
4352167
4531276
5413726
5147362
1574632
1756423
7165243
1762534
1675243
6157423
6514732
5641723
5467132
4576312
4753621
7435261
4753216
4572361
5427631
5246713
2564173
2651437
6215347
6123574
1632754
1367245
3176254
3712645
7321654
7236145
2736145
2371654
3217564
3125746
1352476
1534267
5143627
1546372
1453627
4135267
4312576
3421567
3245176
2354716
2537461
5273641
2537614
2356741
3265471
3624517
6342157
6431275
4613725
4167352
1476532
1745623
7154632
7516423
5761432
5674123
6547213
6452731
4625371
4263517
2436157
2341675
3214765
2317456
2134765
1243675
1426357
4162375
4613257
6431527
6345172
3654712
6345721
6437512
4673152
4761325
7416235
7142653
1724563
1275436
2157346
2513764
5231746
5327164
3572146
3751264
7351264
7532146
5723416
5274361
2547631
2456713
4265173
2461537
2645173
6254713
6527431
5672413
5764231
7546321
7453612
4735162
7453126
7541362
5714632
5176423
1567243
1652734
6125374
6213547
2631457
2364175
3246157
3421675
4312657
4136275
1463725
1647352
6174532
6715423
7651243
7562134
5726314
7523641
7256314
2765134
2671543
6217534
6125743
1652473
1564237
5146327
1564372
1653427
6135247
6312574
3621754
3267145
2376415
2734651
7243561
7425316
4752361
4573216
5437261
5342716
3524176
3251467
2315647
2136574
1263754
1627345
6172435
1674253
1762435
7126345
7213654
2731645
2376154
3267514
3625741
6352471
3625417
3264571
2346751
2437615
4273165
4721356
7412536
7145263
1754623
1576432
5167423
5614732
6541723
6457132
4675312
4763521
7436251
7342615
3724165
3271456
2317546
3215764
3127546
1372456
1734265
7143256
7412365
4721635
4276153
2467513
4276531
4725613
7452163
7541236
5714326
5173462
1537642
1356724
3165274
3612547
6321574
6235147
2653174
2561347
5261347
5623174
6532714
6357241
3675421
3764512
7346152
3741625
3476152
4367512
4635721
6453712
6547321
5674231
5762413
7526143
5762134
5671243
6517423
6154732
1645372
1463527
4136257
4312675
3421765
3247156
2374165
2731456
7213465
7124356
1742536
1475263
4157623
4516732
5461372
5643127
6534217
5632471
5364217
3546127
3451672
4315627
4136572
1463752
1647325
6174235
1647253
1462735
4126375
4213657
2431567
2345176
3254716
3527461
5372641
5736214
7563241
7652314
6725341
6273514
2637154
2361745
3216475
3124657
1342567
1435276
4153726
1457362
1543726
5134276
5312467
3521476
3254167
2345617
2436571
4263751
2436715
2347651
3274561
3725416
